# Graph with 300 nodes and 1000 edges
# Generated for algorithm demo
1 2
1 3
1 14
1 15
1 20
1 33
1 157
1 174
1 30
1 43
1 22
1 36
2 6
2 7
2 8
2 9
2 11
2 16
2 227
2 300
2 27
2 15
2 251
3 4
3 5
3 49
3 147
3 39
3 18
3 35
3 20
3 24
3 31
4 14
4 35
4 38
4 33
4 6
5 100
5 178
5 39
5 44
5 49
5 7
5 16
5 8
5 18
6 42
6 55
6 67
6 221
6 12
6 40
7 13
7 17
7 22
7 41
7 44
7 43
7 8
7 25
8 18
8 27
8 53
8 98
8 288
8 37
8 209
9 10
9 30
9 66
9 104
9 235
9 43
9 23
9 17
9 50
9 28
9 209
10 12
10 38
10 82
10 32
10 18
10 45
10 36
10 16
11 34
11 70
11 29
11 48
11 12
11 45
11 251
12 48
13 72
13 135
13 19
13 15
13 43
14 26
14 39
14 17
14 35
14 46
14 22
14 23
14 209
15 28
15 183
15 20
16 231
16 26
16 38
16 21
16 44
16 18
16 144
17 19
17 48
17 140
17 219
17 25
17 26
17 33
17 32
17 41
17 259
17 218
17 232
17 67
17 265
17 241
17 49
17 53
17 177
17 87
18 21
18 25
18 37
18 117
18 189
18 233
19 29
19 57
19 115
19 228
19 238
19 30
19 24
19 39
20 42
20 40
20 36
21 23
21 77
21 88
21 186
21 48
21 34
21 30
22 36
22 40
22 85
22 187
22 27
22 26
23 24
23 45
23 46
23 50
23 30
23 144
24 63
24 134
24 38
25 43
25 54
25 65
26 31
26 286
26 251
27 80
27 43
27 36
27 209
27 121
28 32
28 35
28 105
28 109
28 162
28 266
28 45
28 41
28 46
29 95
29 136
29 152
29 179
29 36
30 51
30 68
30 71
30 99
30 148
31 216
31 297
31 33
32 87
32 118
32 268
33 191
33 192
33 51
33 144
34 116
34 122
34 246
34 42
35 52
35 81
35 91
35 103
35 46
36 56
36 74
36 131
36 47
36 48
36 251
36 228
37 64
37 38
37 40
38 69
38 48
39 47
39 282
40 60
40 137
40 169
40 48
41 59
41 101
41 108
41 138
41 155
41 44
42 97
42 171
43 196
43 46
43 48
45 228
46 79
46 160
47 50
47 76
48 78
48 289
48 51
48 228
49 73
49 90
49 259
49 112
49 228
50 260
51 112
51 168
51 267
51 285
51 78
51 70
51 99
51 196
51 288
51 191
51 211
51 148
51 103
51 65
51 240
51 115
51 190
51 228
52 102
52 128
52 206
52 72
52 60
53 67
53 96
53 66
54 58
54 80
54 77
55 125
55 201
55 244
55 78
55 100
55 79
55 77
56 62
56 271
56 69
56 72
56 85
56 144
57 61
57 130
57 226
57 89
57 100
57 209
58 218
58 67
58 83
58 93
58 80
59 75
59 114
59 224
59 232
59 86
59 80
59 60
59 144
60 89
60 66
60 95
61 240
61 93
61 79
62 182
62 184
62 88
62 90
62 65
63 253
63 67
63 74
63 77
63 65
63 96
63 121
64 111
64 217
64 69
64 83
64 96
65 145
65 75
65 251
65 209
65 190
66 99
66 86
66 68
67 79
67 251
68 158
68 197
68 100
68 91
68 209
68 228
69 86
69 121
69 150
69 95
69 96
70 97
70 83
70 87
70 94
71 97
71 90
71 76
71 80
71 99
71 72
72 94
72 120
72 241
72 276
72 93
72 77
73 106
73 92
73 78
75 124
75 127
75 87
75 93
75 95
75 251
76 153
76 83
76 86
76 82
76 251
77 164
77 93
77 80
78 83
78 89
78 88
78 100
78 86
79 181
79 94
79 90
80 208
80 85
80 228
81 98
81 90
81 186
82 84
82 92
82 91
83 113
83 176
83 93
83 97
84 110
84 85
84 95
84 93
84 100
85 237
85 298
85 94
86 291
86 89
87 220
87 91
88 96
88 151
89 93
89 92
90 91
90 209
92 107
92 95
93 129
93 180
93 98
94 278
94 97
94 98
96 119
96 123
96 170
96 212
98 142
98 258
98 274
99 141
99 273
101 131
101 127
101 134
102 149
102 132
102 135
102 106
102 131
102 140
102 138
103 209
103 142
103 123
104 112
104 123
105 150
105 113
105 133
106 117
106 116
106 113
106 251
107 120
107 145
107 132
107 251
108 143
108 146
108 137
109 139
109 200
109 140
109 130
109 131
110 295
110 116
110 146
110 186
111 130
111 124
111 150
111 251
112 154
112 128
112 121
112 289
112 114
112 227
112 238
112 120
112 218
112 180
112 239
112 211
112 219
113 213
113 116
114 127
114 121
114 137
114 132
114 144
115 126
115 139
115 132
115 142
116 215
116 141
116 149
116 147
117 156
117 125
117 150
117 123
118 128
118 125
118 142
118 121
118 129
118 122
118 136
120 143
120 123
120 137
120 150
120 251
121 130
121 294
121 175
121 217
121 188
121 223
121 154
121 166
121 187
122 194
122 252
122 255
122 290
122 125
122 149
122 142
123 209
124 143
124 128
125 188
125 243
125 150
125 137
125 149
125 144
125 251
126 177
126 147
126 138
126 146
127 133
127 135
127 149
127 132
128 272
128 281
128 142
128 135
128 130
129 159
129 251
130 161
130 166
130 145
130 141
130 137
131 132
131 150
132 239
132 228
133 214
134 147
135 148
135 140
136 144
136 173
136 198
136 149
137 190
137 143
137 209
138 149
138 145
138 147
139 172
139 202
139 245
139 148
139 144
139 145
140 143
141 195
142 146
142 223
142 251
142 190
143 279
143 144
144 275
144 249
144 235
144 191
144 268
144 237
144 263
144 272
144 160
144 240
146 185
147 250
148 251
151 222
151 225
151 170
151 187
151 177
152 179
152 156
152 190
153 154
153 169
153 178
154 175
154 167
154 194
154 190
154 155
155 176
155 182
155 161
155 194
156 167
156 199
156 169
156 170
156 193
156 189
157 163
157 182
157 199
158 165
158 171
158 181
158 166
158 178
158 179
159 168
159 195
160 187
160 192
160 168
161 163
161 166
161 170
162 230
162 163
162 174
162 172
162 186
162 228
163 197
163 193
164 165
164 198
164 191
164 167
165 176
165 169
165 200
165 167
165 185
165 194
166 195
167 211
167 170
167 189
167 209
168 180
168 181
168 176
169 193
169 189
169 186
169 181
169 196
169 187
169 190
170 193
170 179
170 187
170 195
170 251
171 198
172 210
172 242
172 186
172 251
173 184
173 195
174 270
174 188
175 184
177 205
177 189
178 198
178 188
179 181
179 195
179 182
180 195
181 192
181 186
181 189
182 229
182 262
182 196
183 207
183 185
184 199
185 198
185 196
185 209
186 247
186 199
186 268
187 204
187 191
187 188
188 197
188 191
189 190
189 198
190 198
190 286
190 201
190 277
190 238
190 264
190 226
191 199
192 228
193 228
194 203
195 299
195 199
201 254
201 243
201 236
201 219
201 230
202 249
202 208
203 237
203 230
203 227
203 232
203 240
204 227
204 249
205 209
205 210
205 216
206 296
206 231
206 221
206 215
206 242
206 248
207 256
207 269
207 243
207 229
207 234
207 228
208 250
208 230
208 242
209 257
209 292
209 236
209 233
210 232
210 225
210 242
210 247
211 264
211 222
211 220
212 249
212 218
213 234
213 239
213 221
214 218
215 250
215 219
216 246
216 231
216 245
217 263
217 277
217 221
217 231
218 244
218 227
218 250
218 233
219 232
219 229
219 246
220 247
221 236
221 261
221 222
221 248
221 241
221 228
222 227
222 236
222 238
222 240
222 244
223 227
223 231
224 240
224 228
225 230
225 237
225 243
225 235
226 249
226 243
226 233
226 245
227 283
227 245
227 236
227 242
228 238
228 247
228 289
229 242
229 241
229 235
230 275
230 235
230 236
231 234
231 246
232 234
232 241
232 249
232 245
232 235
233 246
233 248
235 249
236 249
237 280
238 243
239 241
240 248
240 265
241 244
241 249
246 249
247 294
249 293
251 293
251 287
251 276
251 295
251 288
251 280
252 253
252 293
252 281
253 270
253 279
253 259
254 271
254 298
255 261
255 280
255 291
256 262
256 269
256 274
257 296
257 281
257 291
257 274
257 266
258 272
258 280
258 277
258 282
259 294
259 297
259 263
259 285
260 266
260 288
260 299
260 297
261 279
261 262
261 268
262 277
263 275
263 290
265 280
265 300
265 291
265 294
265 292
266 282
266 275
267 291
267 280
267 295
267 294
267 281
267 285
267 288
268 276
269 273
269 280
269 287
269 295
269 282
269 298
270 295
270 288
270 280
270 292
271 298
271 290
273 279
273 287
273 289
274 278
274 288
274 285
274 294
274 293
275 290
275 291
275 280
276 286
277 287
277 284
277 285
277 292
278 291
280 295
282 284
283 284
285 294
286 290
287 294
288 298
289 298
290 294
291 292
293 300
294 300
294 297
294 298
295 298
297 299
