# Graph with 80 nodes and 246 edges
# Generated for algorithm demo
1 2
1 3
1 4
1 5
1 6
1 7
1 8
1 9
1 10
1 11
1 12
1 80
2 3
2 4
2 5
2 6
2 7
2 8
2 9
2 10
2 11
2 12
3 4
3 5
3 6
3 7
3 8
3 9
3 10
3 11
3 12
4 5
4 6
4 7
4 8
4 9
4 10
4 11
4 12
5 6
5 7
5 8
5 9
5 10
5 11
5 12
6 7
6 8
6 9
6 10
6 11
6 12
7 8
7 9
7 10
7 11
7 12
7 21
8 9
8 10
8 11
8 12
9 10
9 11
9 12
10 11
10 12
11 12
11 68
13 14
13 15
13 16
13 17
13 18
13 19
13 20
13 21
13 22
13 66
14 15
14 16
14 17
14 18
14 19
14 20
14 21
14 22
15 16
15 17
15 18
15 19
15 20
15 21
15 22
16 17
16 18
16 19
16 20
16 21
16 22
17 18
17 19
17 20
17 21
17 22
17 69
18 19
18 20
18 21
18 22
18 74
19 20
19 21
19 22
20 21
20 22
21 22
22 27
23 24
23 25
23 26
23 27
23 28
23 29
23 30
24 25
24 26
24 27
24 28
24 29
24 30
25 26
25 27
25 28
25 29
25 30
25 35
25 67
26 27
26 28
26 29
26 30
27 28
27 29
27 30
28 29
28 30
28 63
29 30
31 32
31 33
31 34
31 35
31 36
31 37
31 38
31 40
32 33
32 34
32 35
32 36
32 37
32 38
33 34
33 35
33 36
33 37
33 38
34 35
34 36
34 37
34 38
35 36
35 37
35 38
36 37
36 38
36 41
37 38
37 79
39 40
39 41
39 42
39 43
39 44
39 78
40 41
40 42
40 43
40 44
40 73
41 42
41 43
41 44
42 43
42 44
43 44
43 50
44 64
44 76
45 46
45 47
45 48
45 49
45 50
45 52
46 47
46 48
46 49
46 50
47 48
47 49
47 50
48 49
48 50
49 50
49 65
50 51
51 52
51 53
51 54
51 55
51 75
52 53
52 54
52 55
53 54
53 55
54 55
54 61
55 57
56 57
56 58
56 59
56 60
57 58
57 59
57 60
58 59
58 60
58 62
59 60
59 70
59 72
60 71
60 77
