0.000s
0 1 2 3 4 5 6 7
0 26
0 13
0 79
2 80
2 19
3 52
3 15
4 47
4 39
5 41
5 7 37
6 66
8 9 10 11 12 13
8 10 83
8 68
9 33
9 60
10 49
10 44
12 18
12 22
12 30
13 56
13 75
13 45
14 70
14 40
14 41
14 15 16 17 18 19 20
14 80
14 51
16 35 62
16 60 84
16 30
17 50
17 55
18 38
19 67
20 73
20 68
20 22
20 57
21 22 23 24 25
21 24 27
22 75
22 35
23 44
23 38
24 42
24 37
1 25
25 59
25 76
25 55
26 27 28 29 30 31 32 33 34
1 29
29 36
29 43
15 29 49
29 60
35 51
37 72
37 63
36 38
38 76
38 47
39 81
40 50
40 43
40 47
41 58
41 79
42 45
44 46
45 57
46 64
43 46
47 77
34 48
48 69
51 64
43 51
51 54
49 52
52 53
54 68
56 57
56 59
57 63
58 73
59 69
15 61
34 62
62 83
63 65
27 63
64 75
64 76
28 64
68 71
69 78
32 70
1 70
70 84
34 71
43 71
33 74
76 79
30 81
30 82
